traits: 2	expressions: 5	states: 25	signals: 3
reward: 1, 0.5
Bucket 8: 1 2 3 4 5 6 7 8 9 10 13 
Bucket 17: 11 12 16 17 21 22 
Bucket 19: 14 15 18 19 20 23 24 25 
Number of solutions: 1
Objective = 0.42264109995099536

Payoff = 0.016905643998039815
UNWEIGHTED
Info measure = 3.397775468369389
Info measure by states:
[[0.031 0.056 0.068 0.056 0.031]
 [0.056 0.100 0.122 0.100 0.056]
 [0.230 0.414 0.148 0.216 0.120]
 [0.189 0.340 0.216 0.178 0.099]
 [0.105 0.189 0.120 0.099 0.055]]

WEIGHTED
Info measure = 1.0656547308894808
Info measure by states:
[[0.014 0.024 0.030 0.024 0.014]
 [0.024 0.044 0.053 0.044 0.024]
 [0.053 0.095 0.065 0.072 0.040]
 [0.044 0.078 0.072 0.059 0.033]
 [0.024 0.044 0.040 0.033 0.018]]
