traits: 2	expressions: 5	states: 25	signals: 4
reward: 1, 0.5
Bucket 8: 2 3 4 7 8 9 13 
Bucket 11: 1 6 11 12 16 21 
Bucket 15: 5 10 14 15 20 25 
Bucket 18: 17 18 19 22 23 24 
Number of solutions: 1
Objective = 0.5085162392223048

Payoff = 0.020340649568892193
UNWEIGHTED
Info measure = 5.666884927528025
Info measure by states:
[[0.140 0.091 0.111 0.091 0.140]
 [0.252 0.164 0.199 0.164 0.252]
 [0.307 0.551 0.242 0.551 0.307]
 [0.252 0.264 0.321 0.264 0.252]
 [0.140 0.147 0.178 0.147 0.140]]

WEIGHTED
Info measure = 1.3553965455170824
Info measure by states:
[[0.027 0.032 0.038 0.032 0.027]
 [0.049 0.057 0.069 0.057 0.049]
 [0.059 0.107 0.084 0.107 0.059]
 [0.049 0.070 0.086 0.070 0.049]
 [0.027 0.039 0.048 0.039 0.027]]
