Number of solutions: 10000
UNWEIGHTED
Info measure = 14.136935182331875
Info measure by states:
0.278 0.598 0.464 
0.357 0.793 0.401 
0.175 0.340 0.232 

0.420 1.084 0.726 
0.790 1.079 0.907 
0.391 0.700 0.482 

0.214 0.455 0.397 
0.442 0.840 0.521 
0.251 0.478 0.320 


WEIGHTED
Info measure = 1.8824967068409042
Info measure by states:
0.028 0.061 0.033 
0.055 0.120 0.056 
0.025 0.053 0.027 

0.058 0.133 0.065 
0.119 0.224 0.125 
0.056 0.114 0.059 

0.027 0.059 0.031 
0.058 0.122 0.060 
0.027 0.058 0.029 

