Number of solutions: 5000
Optimal payoff = 0.02516043347825458

UNWEIGHTED
Info measure = 10.921519158965873
Info measure by states:
0.169 0.373 0.169 
0.468 0.807 0.368 
0.214 0.277 0.127 

0.458 1.211 0.548 
1.030 1.080 0.520 
0.337 0.621 0.282 

0.105 0.235 0.108 
0.229 0.495 0.233 
0.127 0.231 0.102 


WEIGHTED
Info measure = 1.764591566084051
Info measure by states:
0.026 0.056 0.026 
0.060 0.122 0.056 
0.028 0.051 0.023 

0.060 0.139 0.064 
0.132 0.224 0.104 
0.054 0.111 0.051 

0.021 0.047 0.022 
0.047 0.102 0.047 
0.023 0.047 0.021 

