Number of solutions: 5000
Optimal payoff = 0.022633744855967097

UNWEIGHTED
Info measure = 10.758911043960875
Info measure by states:
0.486 0.373 0.461 
0.366 0.359 0.351 
0.492 0.375 0.472 

0.381 0.373 0.392 
0.364 0.256 0.362 
0.384 0.381 0.395 

0.477 0.373 0.499 
0.351 0.353 0.352 
0.497 0.370 0.462 


WEIGHTED
Info measure = 1.717071554413117
Info measure by states:
0.069 0.061 0.066 
0.062 0.061 0.060 
0.070 0.062 0.067 

0.063 0.063 0.063 
0.062 0.054 0.061 
0.062 0.063 0.064 

0.068 0.062 0.069 
0.061 0.062 0.061 
0.069 0.062 0.068 

