Bucket 5: 5 
Bucket 11: 10 11 12 
Bucket 13: 13 
Bucket 15: 3 6 9 15 18 
Bucket 23: 23 
Bucket 25: 1 2 4 7 8 14 16 17 19 20 21 22 24 25 26 27 
Number of solutions: 1
Objective = 0.8000478386309454

Payoff = 0.008920404715837651
UNWEIGHTED
Info measure = 12.79813196933879
Info measure by states:
0.017 0.036 0.169 
0.036 2.731 0.369 
0.017 0.036 0.169 

0.497 1.086 0.497 
2.731 0.172 0.807 
0.036 0.079 0.369 

0.017 0.036 0.017 
0.036 2.731 0.036 
0.017 0.036 0.017 


WEIGHTED
Info measure = 1.4169996624283843
Info measure by states:
0.009 0.019 0.026 
0.019 0.178 0.056 
0.009 0.019 0.026 

0.062 0.136 0.062 
0.178 0.091 0.123 
0.019 0.042 0.056 

0.009 0.019 0.009 
0.019 0.178 0.019 
0.009 0.019 0.009 

