[(7, 1), (1, 1), (5, 1), (17, 0), (3, 1), (8, 1), (12, 0), (2, 1), (14, 0), (13, 0)]
(0, 12-17)
(1, 1-8)
[[  0.   0.   0.   0.   0.   0.   0.   0.   0.   0.   0.   0. 100. 100.
  100. 100. 100. 100. 100. 100.]
 [100. 100. 100. 100. 100. 100. 100. 100. 100.   0.   0.   0.   0.   0.
    0.   0.   0.   0.   0.   0.]]
m|a   0   1   2   3   4   5   6   7   8   9  10  11  12  13  14  15  16  17  18  19 
  0   0   0   0   0   0   0   0   0   0   0   0   0   0  99   0   0   0   0   0   0 
  1   0   0  99   0   0   0   0   0   0   0   0   0   0   0   0   0   0   0   0   0 
