traits: 3	expressions: 3	states: 27	signals: 5
reward: 1, 0.5
Bucket 5: 2 5 8 
Bucket 13: 1 4 7 10 13 16 
Bucket 14: 11 14 17 
Bucket 15: 3 6 9 12 15 18 
Bucket 23: 19 20 21 22 23 24 25 26 27 
Number of solutions: 1
Objective = 0.6467692163756645

Payoff = 0.02395441542132091
UNWEIGHTED
Info measure = 8.221651385042652
Info measure by states:
[[[0.128 0.497 0.128]
  [0.279 1.087 0.279]
  [0.128 0.497 0.128]]

 [[0.279 0.311 0.279]
  [0.610 0.679 0.610]
  [0.279 0.311 0.279]]

 [[0.082 0.179 0.082]
  [0.179 0.390 0.179]
  [0.082 0.179 0.082]]]

WEIGHTED
Info measure = 1.5760083623257728
Info measure by states:
[[[0.023 0.062 0.023]
  [0.051 0.136 0.051]
  [0.023 0.062 0.023]]

 [[0.051 0.085 0.051]
  [0.111 0.185 0.111]
  [0.051 0.085 0.051]]

 [[0.020 0.043 0.020]
  [0.043 0.093 0.043]
  [0.020 0.043 0.020]]]
