traits: 2	expressions: 5	states: 25	signals: 4
reward: 1, 0.5
Bucket 3: 1 2 3 4 5 8 
Bucket 12: 6 7 11 12 13 16 17 
Bucket 14: 9 10 14 15 19 20 
Bucket 23: 18 21 22 23 24 25 
Number of solutions: 1
Objective = 0.5085162392223048

Payoff = 0.020340649568892193
UNWEIGHTED
Info measure = 5.666884927528024
Info measure by states:
[[0.140 0.252 0.307 0.252 0.140]
 [0.091 0.164 0.551 0.264 0.147]
 [0.111 0.199 0.242 0.321 0.178]
 [0.091 0.164 0.551 0.264 0.147]
 [0.140 0.252 0.307 0.252 0.140]]

WEIGHTED
Info measure = 1.3553965455170824
Info measure by states:
[[0.027 0.049 0.059 0.049 0.027]
 [0.032 0.057 0.107 0.070 0.039]
 [0.038 0.069 0.084 0.086 0.048]
 [0.032 0.057 0.107 0.070 0.039]
 [0.027 0.049 0.059 0.049 0.027]]
