traits: 3	expressions: 3	states: 27	signals: 5
reward: 1, 0.5
Bucket 5: 1 2 3 5 7 8 9 
Bucket 13: 4 10 13 16 25 
Bucket 14: 11 14 17 
Bucket 15: 6 12 15 18 27 
Bucket 23: 19 20 21 22 23 24 26 
Number of solutions: 1
Objective = 0.6467692163756645

Payoff = 0.02395441542132091
UNWEIGHTED
Info measure = 8.135973751199554
Info measure by states:
[[[0.131 0.286 0.131]
  [0.316 0.624 0.316]
  [0.131 0.286 0.131]]

 [[0.316 0.311 0.316]
  [0.690 0.679 0.690]
  [0.316 0.311 0.316]]

 [[0.100 0.219 0.100]
  [0.219 0.478 0.219]
  [0.145 0.219 0.145]]]

WEIGHTED
Info measure = 1.5908643867803192
Info measure by states:
[[[0.023 0.051 0.023]
  [0.053 0.112 0.053]
  [0.023 0.051 0.023]]

 [[0.053 0.085 0.053]
  [0.116 0.185 0.116]
  [0.053 0.085 0.053]]

 [[0.021 0.046 0.021]
  [0.046 0.101 0.046]
  [0.024 0.046 0.024]]]
